%YAML:1.0
---
rotation: !!opencv-matrix
   rows: 3
   cols: 3
   dt: d
   data: [ 9.9985714801790071e-01, -3.3056725603235440e-03,
       -1.6575768049589240e-02, 2.8269291494646292e-03,
       9.9958053833064986e-01, -2.8822835776379306e-02,
       1.6664094007589093e-02, 2.8771859855284777e-02,
       9.9944709117160080e-01 ]
translation: !!opencv-matrix
   rows: 3
   cols: 1
   dt: d
   data: [ -5.3653485401772311e-02, 8.1482014800084331e-04,
       6.1200680152641183e-03 ]
essential: !!opencv-matrix
   rows: 3
   cols: 3
   dt: d
   data: [ -3.7227591234925643e-06, -6.0940569902123570e-03,
       9.9076734209168553e-04, 7.0132804759874979e-03,
       1.5234796218219883e-03, 5.3522375088150553e-02,
       -9.6637835118029204e-04, -5.3628286292614381e-02,
       1.5599518683410418e-03 ]
fundamental: !!opencv-matrix
   rows: 3
   cols: 3
   dt: d
   data: [ -4.4109518665714023e-09, -7.2368854345905611e-06,
       1.8319200774002979e-03, 8.3358270261379777e-06,
       1.8148550326698501e-06, 2.1217884653804035e-02,
       -5.7726343701746475e-03, -6.2867453527325395e-02, 1. ]
