%YAML:1.0
---
depthShift: 3.5807474529090470e+01
