%YAML:1.0
---
cameraMatrix: !!opencv-matrix
   rows: 3
   cols: 3
   dt: d
   data: [ 3.7224448155610656e+02, 0., 2.5349502378192409e+02, 0.,
       3.7140732437851125e+02, 1.9259889178025176e+02, 0., 0., 1. ]
distortionCoefficients: !!opencv-matrix
   rows: 1
   cols: 5
   dt: d
   data: [ 1.3331239520680077e-01, -5.3568538782215658e-01,
       -1.1377150747387840e-02, -3.9259523444183349e-03,
       1.1443970429357906e+00 ]
rotation: !!opencv-matrix
   rows: 3
   cols: 3
   dt: d
   data: [ 1., 0., 0., 0., 1., 0., 0., 0., 1. ]
projection: !!opencv-matrix
   rows: 4
   cols: 4
   dt: d
   data: [ 3.7224448155610656e+02, 0., 2.5349502378192409e+02, 0., 0.,
       3.7140732437851125e+02, 1.9259889178025176e+02, 0., 0., 0., 1.,
       0., 0., 0., 0., 1. ]
