%YAML:1.0
---
cameraMatrix: !!opencv-matrix
   rows: 3
   cols: 3
   dt: d
   data: [ 1.0815577461638704e+03, 0., 9.6726278213157309e+02, 0.,
       1.0781758691523264e+03, 5.4445604167967088e+02, 0., 0., 1. ]
distortionCoefficients: !!opencv-matrix
   rows: 1
   cols: 5
   dt: d
   data: [ 6.2864936419099682e-02, -2.9485655119247136e-02,
       1.0822589365745226e-03, 4.9641725481902842e-03,
       2.8667231245814353e-02 ]
rotation: !!opencv-matrix
   rows: 3
   cols: 3
   dt: d
   data: [ 1., 0., 0., 0., 1., 0., 0., 0., 1. ]
projection: !!opencv-matrix
   rows: 4
   cols: 4
   dt: d
   data: [ 1.0815577461638704e+03, 0., 9.6726278213157309e+02, 0., 0.,
       1.0781758691523264e+03, 5.4445604167967088e+02, 0., 0., 0., 1.,
       0., 0., 0., 0., 1. ]
